predicted.protein.intensity.log2.0h	predicted.protein.intensity.log2.1h	predicted.protein.intensity.log2.2h	predicted.protein.intensity.log2.3h	predicted.protein.intensity.log2.4h	predicted.protein.intensity.log2.5h	predicted.protein.intensity.log2.6h	predicted.protein.intensity.log2.7h	predicted.protein.intensity.log2.8h	predicted.protein.intensity.log2.14h	predicted.protein.intensity.log2.19h	predicted.protein.intensity.log2.24h
Add1	27.1884346568551	26.5185606088349	26.1222834911616	26.1416118203473	26.2419333745531	26.0080319327426	26.5584112485517	27.0324284005137	27.2350246229139	27.8274491800632	29.4102961757397	29.7825162691224
Add2	23.4487556562039	23.3703938373792	23.6704460117803	24.2829122524502	24.4938871643349	24.6964384891512	25.4683670939722	25.8548546816364	25.8344295100414	25.3939180698342	26.3153045180962	25.2867527528329
Akt1	21.5720688536484	21.1638391056353	20.9770529649955	21.1964487880398	21.3886157506568	21.2772543650617	21.5064952566953	21.7228491506291	21.739789007014	20.2520396136581	19.1877116996241	16.9133053046492
Alad	30.5855689013759	28.8190205328812	28.5193817258774	29.8160075726676	30.793502980975	31.0925626036848	31.9347502722684	32.6588911173546	33.0799119364629	34.8634510709924	36.0818162074009	35.6741053454646
Ank1	26.9124363121198	25.8635369771582	25.7348929503082	26.6651335968318	27.6365087935908	26.9483391495063	27.8735601178592	28.5146739445772	28.552788545465	29.8720360222929	30.7624262603404	30.2771969781852
Anxa1	27.1593130693731	26.5266380382124	25.9212246980511	25.5172841671076	25.7493862586678	26.3685812453943	26.6480174638561	25.975570275448	24.0734986417671	26.0813460194895	27.7822574022357	23.5630700525788
Apex1	27.0869628429881	26.833736585878	26.6972848075048	26.6523954162113	26.3385066905382	26.3744358127194	26.8017320018608	27.1544190102822	27.3620742042979	26.3007899638765	25.3381574725038	24.4677360318479
Atrx	23.5942279334886	21.7676451747997	20.7015592416118	20.9372108448218	22.1644119548872	21.2254731921569	21.1424968024435	21.0731271259158	20.5093499057862	18.7320434341346	18.746956293744	16.3272614322245
Calr	29.6647526594848	29.2489032528352	28.9231735987668	28.7233096540624	28.5476529424372	28.2742247037252	28.5016812959738	28.885130806917	29.3606267215106	28.4373003016181	28.2842739377825	28.0912143755047
Cap1	27.2812386165789	27.5372369596948	27.470694721591	27.1471709679213	26.6195437794133	26.3629519933659	26.4454489534652	26.7125633204974	27.0587826287549	25.0971886201208	25.0079018058949	23.6832168413955
Cast	23.983000835287	23.4672883048632	22.9553602069158	22.644254206054	23.0194366373961	22.5563354651113	23.0923244578338	23.5164916531758	23.5440421380868	21.3424455720731	20.8408915595987	17.1468561319372
Cdk4	24.8600809536074	25.0291877880893	25.0563985927239	24.9156142871798	24.4972125282844	24.2259341897992	24.1347874365455	24.1596270804214	24.251221636949	23.8111537442076	22.7265551094645	20.9615773925736
Cdk9	22.0336214533957	21.5934057231196	21.9322367558126	23.130891907552	23.2829838187515	23.0564995620686	23.8625197005728	24.1280009750623	23.6212706593232	20.1025296216472	20.3379462643706	19.4445795717662
Cpox	29.2392346226086	28.6865939789644	28.5147981893267	28.8944627818176	29.7087391237287	29.9967431544014	30.4190078841445	30.4978622244034	30.0929194499856	29.866974253191	30.0423247576051	29.6532173469775
Cul4a	23.6461093571387	22.7572204747594	22.0887956571664	21.7823584611068	21.9068301200686	22.2271985607246	22.3963559556781	22.2146826980515	21.6180972293073	21.9676850581762	22.2355036998083	20.9283525125694
Cul4b	25.1757124719725	24.5792371374534	24.3390643391584	24.4987884426744	24.4588349137854	24.2440258125301	24.4789837957084	24.5261867846442	24.3050088672541	23.8032324272363	22.5637179662305	20.6630090269932
Ddx3x	29.0729715895576	29.0670737960046	29.2043004339971	29.5357937304156	29.4835016256116	29.1443711004042	29.4264173315234	29.5422823637031	29.2847857111368	28.0933132172162	27.0913151353537	25.5789229569432
Diap1	25.8805039334346	25.6158435744569	25.7069942172901	26.1674060090824	26.3030325092152	25.9007165228103	25.8702742465592	25.6364724358833	25.1352831831318	24.2133697089288	24.6023474204924	23.7245304434272
Dnmt1	28.7321850757987	28.3182376775478	28.3457077393101	28.7744389081374	28.5187430585115	27.7821984036682	28.1562903979806	28.3102751791624	27.9868157355067	28.7700185199694	28.5442566964145	27.8638670035026
Eif4e	26.7932659710606	26.6533671333039	26.4325392593671	26.1243264264317	26.0437660409475	26.198411409372	26.3415038303695	26.3120650620408	26.0764109805332	22.9710931743972	21.7100333229763	20.7610803876963
Epo	19.0418120288546	18.8384499364898	18.891784970908	19.1597457856378	19.1856873359019	18.9414427952851	19.0865794074896	19.2733293021458	19.4653361575865	18.7301238505066	19.0821553717202	18.6462120775345
Epor	19.0418120288546	18.8384499364898	18.891784970908	19.1597457856378	19.1856873359019	18.9414427952851	19.0865794074896	19.2733293021458	19.4653361575865	18.7301238505066	19.0821553717202	18.6462120775345
Fech	24.9904539497779	24.9945508481109	25.1141401122646	25.3471930156091	25.6622187023608	25.8270180184923	26.1449680317653	26.2894458690704	26.2797950575576	26.7600502945182	27.6823296080395	28.5719746578363
Fxn	23.0717827912645	23.287157004667	23.2705446607155	22.9893656278623	22.8624180547763	23.0871432417092	23.0647779043457	23.0878337837509	23.2437386268087	24.0775520558997	23.8055696384501	23.5923397464379
G6pdx	26.2389327166173	25.9955998611707	26.2777732359806	27.0835460946167	27.7653765245361	28.0663056127751	28.8473751655452	29.3488418924407	29.5018801745301	29.095319914765	28.3944404008753	26.8730821250418
Gata1	24.4307074500346	23.8734550267204	23.5460305653402	23.4669229792668	23.720413317748	23.9877773387872	24.5083558397645	24.8369292380519	24.9807951592854	24.9415122461825	25.4498692239393	25.4860497420055
Gtf2i	27.2882481332057	26.3679031941849	25.9282741284957	26.0827345846335	26.0888607631261	25.7819877095755	26.1674909747759	26.4468704681056	26.3668723208641	24.8522155518906	23.1346647888372	20.404615626614
Hba-a1	28.4624939536969	29.4607194563644	29.4388251166021	28.7291406026155	29.2624862626413	29.4112398338848	30.1874333402167	30.0415408434602	28.6316846878017	31.1052628311751	31.48847347436	33.346762797348
Hba-x	27.8000436092804	27.2082106426788	26.9881080620133	27.3337795387833	27.1570262355838	26.0591174449898	24.933597682099	25.252203535325	26.8211036404992	28.2756794417842	28.7232845124737	25.5763530848103
Hbb-b2	25.5394532069607	26.2612062680478	26.7836462848546	26.9537131836326	27.6215094591346	28.6068828005106	28.7140098555397	28.6816918659271	28.8718489125657	31.6693032658603	32.5524196381275	34.3229855198217
Hbb-bh1	22.422559813117	23.5852750198501	24.299230771462	24.5394593802725	24.9642040197418	25.7352799739524	25.7485328001244	25.8011148486517	26.0385904232702	29.1741238759343	29.8845174917721	29.2751831309147
Hmbs	28.5691447017002	28.5752135840339	28.5712048922329	28.5908234719106	28.4858486761146	28.5397363581925	28.8230550325156	29.2012110210448	29.5977127202057	29.9920433272467	30.6299135990312	30.5917436710565
Hsf1	22.5298780737839	21.8395836252182	21.5955600661769	21.9097740919904	22.1480487039584	21.9918217058966	21.9945626387997	22.0524852281903	22.0489537331932	20.472379983823	20.3299910301758	19.4338933315942
Ino80	21.2267809379058	20.4848829152412	20.1560588915875	20.4170677307282	20.5822851954945	20.7933404662708	21.0448615517603	20.9738660172019	20.2770791024608	18.3664363929909	19.5481671681448	16.9094626683836
Jak2	NA	NA	NA	NA	NA	NA	NA	NA	NA	NA	NA	NA
Larp4	25.6324329185818	24.4784539313094	24.3130746724194	25.1822306888087	25.6753493085619	25.2961836246238	25.2352189776844	24.9984878192946	24.4086502117631	22.4239708695035	21.3041288408598	18.7770727382017
Larp7	24.4078208019415	23.9767490742123	23.7623032464058	23.7663209737664	23.6880309173163	23.3756670573535	23.5418775838422	23.851166720865	24.2323528534177	22.8690320072606	22.4303871416354	20.5387248153812
Lmnb1	29.7538753885559	29.8346228990282	29.7093526921793	29.1907390636952	28.7181943319553	28.6751606870641	29.1343069495904	29.3104214290037	29.3822202525945	27.4973528026553	27.0986892964085	26.0042752153715
Lsm11	18.6274078086726	17.8706288557542	17.8280529243722	18.362023844818	18.0089574271026	17.5618003452598	17.7764853026321	17.7962588546263	17.5010303300379	17.0874684185609	17.1211154529798	16.5700952635051
Mapk3	24.534434339304	23.8798792529811	23.4973338604692	23.3681179647879	23.1606679495653	22.9366811794259	23.2456072038778	23.5385989238904	23.7853700157904	23.9789755334905	25.090075374326	25.7506439057369
Mif	24.4085493138393	24.0149612621974	23.8994835852344	24.0395233591245	23.9717479045862	23.6847226244457	23.7427571079964	23.7018016802967	23.5312187134296	22.6752888751043	21.3466636359157	19.0404702557342
Nr3c1	23.4837967336395	21.2099723242342	20.3168030675865	21.1303140468161	21.5828470617243	20.5303653423517	20.0684531185232	20.0149377296204	19.9095709104642	19.1811934563118	18.0894829079557	16.1375939627073
Pcid2	22.7736616243492	22.2130399946239	21.9344091224031	22.0702482576613	22.085278634647	21.8411220372371	22.0219331513815	22.2317354687045	22.2989757021894	20.3809363686937	19.0834426911825	16.2620333061499
Pdzd8	23.6416841253151	22.1984196929795	21.8988926003391	22.8663478847646	22.1691824781426	20.887848364907	20.739251583522	21.3820416684225	22.2615522952424	19.8938570700231	18.7272591505478	16.2176035797474
Ppox	23.3152361964292	23.1728453903993	23.28764546496	23.6619607495299	24.0540274469537	23.7376730583813	24.0808418956192	24.5291877531196	25.0162283387307	26.5002288665834	27.4335530461237	27.541097837063
Prpf40a	26.9183895962955	26.0715888708777	25.4647701663145	25.2785993077906	25.5110555490428	25.4039265755526	25.7163700250645	26.1971822112954	26.739593787449	25.0574200129113	24.5334359580768	22.7087434374293
Ptbp3	24.4792175353628	24.7114424367438	24.7705235368092	24.6423411983391	24.3161459456187	24.0687201949385	24.6159928837572	24.7508718250672	24.4257866049502	24.6576544213853	26.5549222270094	27.4864919611083
Ptpn6	29.9403236408193	28.2207982388812	26.7702425844291	25.5571615381699	24.1664421688892	23.8080386526054	24.9433464419394	25.2975251052682	24.6457701481409	20.6244403262163	18.6149945584553	22.1024703715994
Pxn	19.7126514489118	18.9716524478872	18.6229158205381	18.7594354016731	18.4987748351037	18.1436559488379	18.490442916874	18.7428420402078	18.647984731655	16.5797101926489	16.0251782930404	14.8818360563583
Rac1	28.0683185564549	27.2644731763188	26.955359565989	27.0968585118595	26.9166659131989	26.6865245821375	26.8806594683423	26.6486183531676	25.9212892935424	24.9004946630742	25.8913898790213	25.8161868295624
Rps6kb1	22.6347341371441	22.3965841038909	22.2572607827602	22.1753344289248	22.2602760506245	22.2601689513464	22.6036099823474	22.6200770220979	22.3232757851154	21.6042289673651	21.5223997269755	20.3091210919757
Sh3kbp1	22.141100096992	21.0532307560811	20.6043749213227	20.9189958921021	20.7840515787552	20.1703005651864	20.345438312481	20.3761938757721	20.0959823977896	18.4774087902666	18.7375974147981	20.1238108083794
Slc4a1	26.1496495244748	26.0219474614324	26.2930718229863	26.8905629375302	27.3693376607304	27.4053114194501	27.5272268358195	27.6643584600197	27.8191429014308	28.7729241748111	29.2391847616409	29.3935198168376
Smap1	21.9531227584145	22.2274408667753	22.4445756787605	22.4942610079551	22.0945188092666	21.7232355089465	22.2626251588391	23.039986875526	23.9112145665838	23.9814362724542	24.6074281604712	23.947381131726
Snx3	25.01864781881	25.1797170198419	25.2876348649709	25.3312999773535	25.2190416059809	25.0450867770202	25.1525193494553	25.3496573875465	25.5953312244377	25.5840169687346	25.8947931798789	25.9448609011359
Spta1	27.5950633372846	26.4160187138216	26.5451050551217	28.1896768785998	29.5006323045203	28.758864479587	29.3473867401708	29.8518855696768	29.7880498738854	32.6141379102198	33.767951745894	34.7146250259271
Srpk2	21.6927319325792	20.7617728769655	20.1608806402856	20.2916836811861	20.8750023175002	19.9448318972334	18.9453166285026	18.8889164002311	19.5166149315541	18.5789867659972	18.8983052938777	17.8367728664715
Stat3	25.9252366922901	24.9121669900718	24.8326915244266	25.6813601171862	25.7230700821382	25.0550816094164	25.6394123354719	25.8744548671085	25.5388764356299	23.747817014682	23.3668725013358	24.1530436061817
Stat5a	27.8944534148345	25.7754765412976	24.637288065282	24.6537672089482	25.3530892337875	25.0834699188382	26.0670480524099	26.0488291980216	24.7930830543509	18.3503626883513	17.6605723232732	16.7637110918664
Stat6	22.0760107798889	21.5895370157165	21.4591964383367	21.9444274319964	21.7677318663158	21.311837364725	21.534731387702	21.9407053997136	22.0535973039916	19.9061423149935	20.3152516963906	20.535631917016
Tal1	22.8755269575239	22.5512462271748	22.8037188527187	23.5692681821511	23.7747664565259	23.6118906406421	23.7847518286268	23.9080034649623	23.9267618532178	24.0981293234374	25.0515209462613	25.1038918570208
Tcea1	25.5515435147647	25.830114361633	25.8640970736481	25.6098022232103	25.8178316568784	26.1316052959248	26.2201023446475	26.2842711245449	26.5072868186825	27.0190677006069	28.0780348962814	29.0228175131034
Tfrc	27.6473222274092	27.5688542675519	28.02898459006	28.8996323178783	29.6311461212686	29.8025695237559	30.1321661871856	30.3667856219185	30.6247629983043	30.5239806780379	31.5978905295925	31.5770169681735
Tmsb4x	20.2699588447213	20.3244045356387	20.3028356139022	20.0974124022304	19.8289370310184	20.010925733261	19.7605297878439	19.4975164032515	19.3435451943011	19.5737381061462	18.8124596139771	17.8812327925959
Tpr	29.3935771953609	27.1216121965284	26.5831645689221	28.1180771627979	30.0176090891096	28.6698281952899	28.7518682244882	28.7509338903737	28.2035684796924	27.9697453184787	26.9647769971908	25.5227915178661
Urod	27.0762988368409	27.5219912146064	27.7822032284454	27.7909035958115	27.7689655662614	27.783487038312	27.8608557482657	27.9580849220312	28.1385763258009	28.7570313534661	29.9512954782929	30.3435802655978
Uros	24.4083908952902	24.5917214045929	24.3896296842442	23.8763059733342	24.1491733326805	24.971844174367	25.3933259965887	25.7818288880785	26.2417883957127	26.9717907459089	27.5041784374939	27.670403049271
Wiz	22.2032398320906	21.6640935705385	21.8850444848174	23.0213675254886	23.5453845068367	22.9910165286891	22.9520396608359	22.7171676460462	21.9208143768712	20.8252292486688	20.5043700776543	21.0637694301058
Ybx1	28.893220540012	28.9346639994817	28.9054138715732	28.8030592871887	28.6490429089564	28.4519142317363	28.6476913815235	28.7635530992503	28.7847795279893	27.7555256509083	26.7359315440793	23.3272778989848
Zmym4	21.3997462496637	21.0580781539863	20.9409676123534	21.2214732617927	20.9579562418012	20.7956572663077	21.7211291029419	22.0088826577094	21.3528383233419	18.5153783602729	18.0860596910705	17.6583697206199
